v_single	v_exponential	v_powerlaw	n_R_single	n_R_exponential	n_R_powerlaw
1.000000000000000021e-02	1.000000000000000021e-02	1.000000000000000021e-02	1.331360946745562268e+00	1.495575221238938157e+00	1.372505543237250603e+00
1.009999999999999960e-02	1.000999999999999980e-02	1.009999999999999960e-02	1.335787223937306978e+00	1.496562965062717243e+00	1.378108565825831189e+00
1.019999999999999900e-02	1.001999999999999939e-02	1.019999999999999900e-02	1.340243030736240293e+00	1.497552670781017170e+00	1.383767804353668307e+00
1.029999999999999839e-02	1.002999999999999899e-02	1.029999999999999839e-02	1.344728663638536936e+00	1.498544344244834292e+00	1.389484109120374455e+00
1.039999999999999779e-02	1.003999999999999858e-02	1.039999999999999779e-02	1.349244423123050929e+00	1.499537991328452557e+00	1.395258347660845111e+00
1.049999999999999718e-02	1.004999999999999817e-02	1.049999999999999718e-02	1.353790613718411473e+00	1.500533617929562302e+00	1.401091405184174521e+00
1.059999999999999658e-02	1.005999999999999776e-02	1.059999999999999658e-02	1.358367544071480193e+00	1.501531229969375270e+00	1.406984185026053380e+00
1.069999999999999597e-02	1.006999999999999736e-02	1.069999999999999597e-02	1.362975527017203703e+00	1.502530833392742515e+00	1.412937609115133553e+00
1.079999999999999537e-02	1.007999999999999695e-02	1.079999999999999537e-02	1.367614879649890369e+00	1.503532434168272092e+00	1.418952618453865000e+00
1.089999999999999476e-02	1.008999999999999654e-02	1.089999999999999476e-02	1.372285923395950125e+00	1.504536038288448951e+00	1.425030173614334483e+00
1.099999999999999416e-02	1.009999999999999613e-02	1.099999999999999416e-02	1.376988984088127088e+00	1.505541651769752853e+00	1.431171255249649832e+00
1.109999999999999355e-02	1.010999999999999573e-02	1.109999999999999355e-02	1.381724392041267180e+00	1.506549280652780265e+00	1.437376864621446426e+00
1.119999999999999295e-02	1.011999999999999532e-02	1.119999999999999295e-02	1.386492482129652259e+00	1.507558931002364044e+00	1.443648024144109865e+00
1.129999999999999234e-02	1.012999999999999491e-02	1.129999999999999234e-02	1.391293593865940759e+00	1.508570608907695121e+00	1.449985777946334986e+00
1.139999999999999174e-02	1.013999999999999450e-02	1.139999999999999174e-02	1.396128071481756994e+00	1.509584320482446174e+00	1.456391192450671390e+00
1.149999999999999113e-02	1.014999999999999410e-02	1.149999999999999113e-02	1.400996264009962244e+00	1.510600071864893534e+00	1.462865356971729369e+00
1.159999999999999053e-02	1.015999999999999369e-02	1.159999999999999053e-02	1.405898525368657559e+00	1.511617869218041310e+00	1.469409384333750346e+00
1.169999999999998992e-02	1.016999999999999328e-02	1.169999999999998992e-02	1.410835214446952257e+00	1.512637718729746616e+00	1.476024411508281897e+00
1.179999999999998932e-02	1.017999999999999287e-02	1.179999999999998932e-02	1.415806695192549203e+00	1.513659626612844367e+00	1.482711600272717867e+00
1.189999999999998871e-02	1.018999999999999247e-02	1.189999999999998871e-02	1.420813336701186591e+00	1.514683599105273837e+00	1.489472137890509584e+00
1.199999999999998811e-02	1.019999999999999206e-02	1.199999999999998811e-02	1.425855513307984213e+00	1.515709642470205232e+00	1.496307237813883972e+00
1.209999999999998750e-02	1.020999999999999165e-02	1.209999999999998750e-02	1.430933604680742155e+00	1.516737762996167138e+00	1.503218140409940728e+00
1.219999999999998690e-02	1.021999999999999124e-02	1.219999999999998690e-02	1.436047995915240794e+00	1.517767966997176643e+00	1.510206113711041631e+00
1.229999999999998629e-02	1.022999999999999084e-02	1.229999999999998629e-02	1.441199077632589587e+00	1.518800260812865899e+00	1.517272454190446762e+00
1.239999999999998569e-02	1.023999999999999043e-02	1.239999999999998569e-02	1.446387246078682853e+00	1.519834650808614684e+00	1.524418487564191960e+00
1.249999999999998508e-02	1.024999999999999002e-02	1.249999999999998508e-02	1.451612903225805606e+00	1.520871143375679635e+00	1.531645569620252001e+00
1.259999999999998448e-02	1.025999999999998961e-02	1.259999999999998448e-02	1.456876456876456061e+00	1.521909744931326802e+00	1.538955087076075756e+00
1.269999999999998387e-02	1.026999999999998921e-02	1.269999999999998387e-02	1.462178320769429885e+00	1.522950461918963105e+00	1.546348458465634401e+00
1.279999999999998327e-02	1.027999999999998880e-02	1.279999999999998327e-02	1.467518914688233034e+00	1.523993300808271112e+00	1.553827135057173958e+00
1.289999999999998266e-02	1.028999999999998839e-02	1.289999999999998266e-02	1.472898664571876459e+00	1.525038268095341154e+00	1.561392601802920721e+00
1.299999999999998206e-02	1.029999999999998798e-02	1.299999999999998206e-02	1.478318002628119965e+00	1.526085370302808109e+00	1.569046378322041413e+00
1.309999999999998145e-02	1.030999999999998758e-02	1.309999999999998145e-02	1.483777367449220730e+00	1.527134613979985733e+00	1.576790019918229202e+00
1.319999999999998085e-02	1.031999999999998717e-02	1.319999999999998085e-02	1.489277204130261101e+00	1.528186005703003669e+00	1.584625118633342433e+00
1.329999999999998024e-02	1.032999999999998676e-02	1.329999999999998024e-02	1.494817964390113163e+00	1.529239552074945774e+00	1.592553304338600428e+00
1.339999999999997964e-02	1.033999999999998635e-02	1.339999999999997964e-02	1.500400106695117586e+00	1.530295259725985790e+00	1.600576245864900660e+00
1.349999999999997903e-02	1.034999999999998595e-02	1.349999999999997903e-02	1.506024096385540911e+00	1.531353135313529901e+00	1.608695652173911306e+00
1.359999999999997843e-02	1.035999999999998554e-02	1.359999999999997843e-02	1.511690405804889892e+00	1.532413185522353727e+00	1.616913273571658261e+00
1.369999999999997782e-02	1.036999999999998513e-02	1.369999999999997782e-02	1.517399514432154151e+00	1.533475417064744661e+00	1.625230902966422253e+00
1.379999999999997722e-02	1.037999999999998472e-02	1.379999999999997722e-02	1.523151909017057992e+00	1.534539836680643088e+00	1.633650377172841672e+00
1.389999999999997661e-02	1.038999999999998432e-02	1.389999999999997661e-02	1.528948083718400408e+00	1.535606451137784711e+00	1.642173578264215283e+00
1.399999999999997601e-02	1.039999999999998391e-02	1.399999999999997601e-02	1.534788540245564992e+00	1.536675267231844888e+00	1.650802434975094712e+00
1.409999999999997540e-02	1.040999999999998350e-02	1.409999999999997540e-02	1.540673788003285249e+00	1.537746291786582287e+00	1.659538924156362727e+00
1.419999999999997480e-02	1.041999999999998310e-02	1.419999999999997480e-02	1.546604344239756568e+00	1.538819531653983663e+00	1.668385072285103909e+00
1.429999999999997419e-02	1.042999999999998269e-02	1.429999999999997419e-02	1.552580734198176771e+00	1.539894993714410631e+00	1.677342957031688453e+00
1.439999999999997359e-02	1.043999999999998228e-02	1.439999999999997359e-02	1.558603491271818964e+00	1.540972684876746879e+00	1.686414708886616598e+00
1.449999999999997298e-02	1.044999999999998187e-02	1.449999999999997298e-02	1.564673157162724371e+00	1.542052612078545604e+00	1.695602512849797794e+00
1.459999999999997237e-02	1.045999999999998147e-02	1.459999999999997237e-02	1.570790282044120190e+00	1.543134782286178730e+00	1.704908610185076334e+00
1.469999999999997177e-02	1.046999999999998106e-02	1.469999999999997177e-02	1.576955424726659505e+00	1.544219202494985677e+00	1.714335300242968652e+00
1.479999999999997116e-02	1.047999999999998065e-02	1.479999999999997116e-02	1.583169152828594051e+00	1.545305879729426346e+00	1.723884942354719563e+00
1.489999999999997056e-02	1.048999999999998024e-02	1.489999999999997056e-02	1.589432042949983970e+00	1.546394821043230339e+00	1.733559957800958395e+00
1.499999999999996995e-02	1.049999999999997984e-02	1.499999999999996995e-02	1.595744680851062025e+00	1.547486033519550830e+00	1.743362831858404238e+00
1.509999999999996935e-02	1.050999999999997943e-02	1.509999999999996935e-02	1.602107661634859959e+00	1.548579524271118668e+00	1.753296115928254517e+00
1.519999999999996874e-02	1.051999999999997902e-02	1.519999999999996874e-02	1.608521589934227336e+00	1.549675300440394921e+00	1.763362429750086502e+00
1.529999999999996814e-02	1.052999999999997861e-02	1.529999999999996814e-02	1.614987080103357009e+00	1.550773369199728746e+00	1.773564463705305627e+00
1.539999999999996753e-02	1.053999999999997821e-02	1.539999999999996753e-02	1.621504756413950199e+00	1.551873737751512383e+00	1.783904981214395002e+00
1.549999999999996693e-02	1.054999999999997780e-02	1.549999999999996693e-02	1.628075253256148436e+00	1.552976413328339245e+00	1.794386821232455409e+00
1.559999999999996632e-02	1.055999999999997739e-02	1.559999999999996632e-02	1.634699215344374679e+00	1.554081403193161570e+00	1.805012900847766666e+00
1.569999999999996398e-02	1.056999999999997698e-02	1.569999999999996398e-02	1.641377297928214851e+00	1.555188714639451408e+00	1.815786217988366813e+00
1.579999999999996685e-02	1.057999999999997658e-02	1.579999999999996685e-02	1.648110167008494775e+00	1.556298354991359378e+00	1.826709854241929998e+00
1.589999999999996277e-02	1.058999999999997617e-02	1.589999999999996277e-02	1.654898499558691283e+00	1.557410331603877429e+00	1.837786977794500842e+00
1.599999999999996564e-02	1.059999999999997576e-02	1.599999999999996564e-02	1.661742983751844260e+00	1.558524651863000710e+00	1.849020846493995007e+00
1.609999999999996156e-02	1.060999999999997535e-02	1.609999999999996156e-02	1.668644319193115066e+00	1.559641323185891437e+00	1.860414811044657890e+00
1.619999999999996443e-02	1.061999999999997495e-02	1.619999999999996443e-02	1.675603217158174729e+00	1.560760353021042768e+00	1.871972318339096386e+00
1.629999999999996035e-02	1.062999999999997454e-02	1.629999999999996035e-02	1.682620400837568475e+00	1.561881748848445550e+00	1.883696914934808841e+00
1.639999999999996322e-02	1.063999999999997413e-02	1.639999999999996322e-02	1.689696605587260869e+00	1.563005518179753750e+00	1.895592250682611724e+00
1.649999999999995914e-02	1.064999999999997372e-02	1.649999999999995914e-02	1.696832579185517442e+00	1.564131668558453425e+00	1.907662082514729907e+00
1.659999999999996201e-02	1.065999999999997332e-02	1.659999999999996201e-02	1.704029082096331749e+00	1.565260207560030370e+00	1.919910278400839942e+00
1.669999999999995793e-02	1.066999999999997291e-02	1.669999999999995793e-02	1.711286887739577267e+00	1.566391142792140867e+00	1.932340821480786897e+00
1.679999999999996080e-02	1.067999999999997250e-02	1.679999999999996080e-02	1.718606782768099972e+00	1.567524481894781774e+00	1.944957814383281747e+00
1.689999999999995672e-02	1.068999999999997209e-02	1.689999999999995672e-02	1.725989567351945420e+00	1.568660232540463495e+00	1.957765483740380397e+00
1.699999999999995959e-02	1.069999999999997169e-02	1.699999999999995959e-02	1.733436055469950832e+00	1.569798402434382734e+00	1.970768184908220588e+00
1.709999999999995551e-02	1.070999999999997128e-02	1.709999999999995551e-02	1.740947075208910455e+00	1.570938999314595907e+00	1.983970406905049666e+00
1.719999999999995838e-02	1.071999999999997087e-02	1.719999999999995838e-02	1.748523469070559555e+00	1.572082030952196341e+00	1.997376777578346196e+00
1.729999999999995430e-02	1.072999999999997046e-02	1.729999999999995430e-02	1.756166094286602863e+00	1.573227505151488792e+00	2.010992069013490369e+00
1.739999999999995717e-02	1.073999999999997006e-02	1.739999999999995717e-02	1.763875823142047494e+00	1.574375429750168642e+00	2.024821203197301855e+00
1.749999999999995309e-02	1.074999999999996965e-02	1.749999999999995309e-02	1.771653543307083023e+00	1.575525812619499533e+00	2.038869257950523206e+00
1.759999999999995596e-02	1.075999999999996924e-02	1.759999999999995596e-02	1.779500158177788505e+00	1.576678661664493886e+00	2.053141473144316720e+00
1.769999999999995188e-02	1.076999999999996883e-02	1.769999999999995188e-02	1.787416587225925779e+00	1.577833984824093871e+00	2.067643257216710051e+00
1.779999999999995475e-02	1.077999999999996843e-02	1.779999999999995475e-02	1.795403766358119713e+00	1.578991790071353929e+00	2.082380194006074436e+00
1.789999999999995067e-02	1.078999999999996802e-02	1.789999999999995067e-02	1.803462648284702929e+00	1.580152085413622620e+00	2.097358049919712641e+00
1.799999999999995354e-02	1.079999999999996761e-02	1.799999999999995354e-02	1.811594202898547223e+00	1.581314878892730036e+00	2.112582781456946890e+00
1.809999999999994946e-02	1.080999999999996720e-02	1.809999999999994946e-02	1.819799417664182295e+00	1.582480178585170538e+00	2.128060543107277880e+00
1.819999999999995233e-02	1.081999999999996680e-02	1.819999999999995233e-02	1.828079298017545762e+00	1.583647992602292609e+00	2.143797695645660806e+00
1.829999999999994825e-02	1.082999999999996639e-02	1.829999999999994825e-02	1.836434867776685298e+00	1.584818329090484479e+00	2.159800814848339634e+00
1.839999999999995112e-02	1.083999999999996598e-02	1.839999999999995112e-02	1.844867169563787268e+00	1.585991196231365308e+00	2.176076700654382634e+00
1.849999999999994704e-02	1.084999999999996557e-02	1.849999999999994704e-02	1.853377265238875360e+00	1.587166602241975255e+00	2.192632386799684419e+00
1.859999999999994991e-02	1.085999999999996517e-02	1.859999999999994991e-02	1.861966236345576675e+00	1.588344555374967104e+00	2.209475150952151523e+00
1.869999999999994583e-02	1.086999999999996476e-02	1.869999999999994583e-02	1.870635184569333642e+00	1.589525063918799663e+00	2.226612525378719454e+00
1.879999999999994870e-02	1.087999999999996435e-02	1.879999999999994870e-02	1.879385232208482082e+00	1.590708136197932721e+00	2.244052308177082899e+00
1.889999999999994462e-02	1.088999999999996394e-02	1.889999999999994462e-02	1.888217522658605541e+00	1.591893780573021555e+00	2.261802575107286550e+00
1.899999999999994749e-02	1.089999999999996354e-02	1.899999999999994749e-02	1.897133220910619311e+00	1.593082005441115001e+00	2.279871692060936983e+00
1.909999999999994341e-02	1.090999999999996313e-02	1.909999999999994341e-02	1.906133514063024670e+00	1.594272819235852845e+00	2.298268328208437516e+00
1.919999999999994628e-02	1.091999999999996272e-02	1.919999999999994628e-02	1.915219611848820502e+00	1.595466230427665666e+00	2.317001469867702390e+00
1.929999999999994220e-02	1.092999999999996232e-02	1.929999999999994220e-02	1.924392747177552154e+00	1.596662247523976008e+00	2.336080435140915235e+00
1.939999999999994507e-02	1.093999999999996191e-02	1.939999999999994507e-02	1.933654176693016868e+00	1.597860879069399775e+00	2.355514889369478837e+00
1.949999999999994099e-02	1.094999999999996150e-02	1.949999999999994099e-02	1.943005181347144950e+00	1.599062133645950956e+00	2.375314861460945615e+00
1.959999999999994386e-02	1.095999999999996109e-02	1.959999999999994386e-02	1.952447066990623092e+00	1.600266019873244794e+00	2.395490761145945946e+00
1.969999999999993978e-02	1.096999999999996069e-02	1.969999999999993978e-02	1.961981164980810544e+00	1.601472546408705178e+00	2.416053397227439170e+00
1.979999999999994265e-02	1.097999999999996028e-02	1.979999999999994265e-02	1.971608832807565603e+00	1.602681721947772253e+00	2.437013996889568546e+00
1.989999999999993857e-02	1.098999999999995987e-02	1.989999999999993857e-02	1.981331454737577769e+00	1.603893555224110035e+00	2.458384226138531581e+00
1.999999999999994144e-02	1.099999999999995946e-02	1.999999999999994144e-02	1.991150442477870541e+00	1.605108055009818457e+00	2.480176211453732016e+00
2.009999999999993736e-02	1.100999999999995906e-02	2.009999999999993736e-02	2.001067235859118831e+00	1.606325230115642988e+00	2.502402562733568647e+00
2.019999999999994023e-02	1.101999999999995865e-02	2.019999999999994023e-02	2.011083303539500822e+00	1.607545089391190007e+00	2.525076397627166180e+00
2.029999999999993615e-02	1.102999999999995824e-02	2.029999999999993615e-02	2.021200143729781740e+00	1.608767641725138864e+00	2.548211367350630141e+00
2.039999999999993902e-02	1.103999999999995783e-02	2.039999999999993902e-02	2.031419284940405579e+00	1.609992896045460142e+00	2.571821684094647509e+00
2.049999999999993494e-02	1.104999999999995743e-02	2.049999999999993494e-02	2.041742286751354385e+00	1.611220861319631492e+00	2.595922150139001960e+00
2.059999999999993781e-02	1.105999999999995702e-02	2.059999999999993781e-02	2.052170740605611776e+00	1.612451546554856119e+00	2.620528188799385649e+00
2.069999999999993373e-02	1.106999999999995661e-02	2.069999999999993373e-02	2.062706270627055805e+00	1.613684960798284163e+00	2.645655877342402373e+00
2.079999999999993660e-02	1.107999999999995620e-02	2.079999999999993660e-02	2.073350534463686667e+00	1.614921113137234077e+00	2.671321982016436891e+00
2.089999999999993252e-02	1.108999999999995580e-02	2.089999999999993252e-02	2.084105224157088099e+00	1.616160012699415116e+00	2.697543995358713698e+00
2.099999999999993539e-02	1.109999999999995539e-02	2.099999999999993539e-02	2.094972067039098995e+00	1.617401668653153157e+00	2.724340175953062548e+00
2.109999999999993131e-02	1.110999999999995498e-02	2.109999999999993131e-02	2.105952826656675825e+00	1.618646090207615185e+00	2.751729590828208227e+00
2.119999999999993417e-02	1.111999999999995457e-02	2.119999999999993417e-02	2.117049303725999643e+00	1.619893286613038885e+00	2.779732160703559884e+00
2.129999999999993010e-02	1.112999999999995417e-02	2.129999999999993010e-02	2.128263337116904630e+00	1.621143267160960688e+00	2.808368708308045747e+00
2.139999999999993296e-02	1.113999999999995376e-02	2.139999999999993296e-02	2.139596804868763691e+00	1.622396041184446247e+00	2.837661010018381891e+00
2.149999999999992889e-02	1.114999999999995335e-02	2.149999999999992889e-02	2.151051625238997733e+00	1.623651618058324253e+00	2.867631851085810979e+00
2.159999999999993175e-02	1.115999999999995294e-02	2.159999999999993175e-02	2.162629757785459184e+00	1.624910007199418249e+00	2.898305084745742111e+00
2.169999999999992768e-02	1.116999999999995254e-02	2.169999999999992768e-02	2.174333204483950066e+00	1.626171218066783553e+00	2.929705695532478060e+00
2.179999999999993054e-02	1.117999999999995213e-02	2.179999999999993054e-02	2.186164010882230890e+00	1.627435260161943731e+00	2.961859867152324632e+00
2.189999999999992647e-02	1.118999999999995172e-02	2.189999999999992647e-02	2.198124267291902356e+00	1.628702143029129523e+00	2.994795055302513109e+00
2.199999999999992933e-02	1.119999999999995131e-02	2.199999999999992933e-02	2.210216110019637803e+00	1.629971876255518204e+00	3.028540065861667241e+00
2.209999999999992526e-02	1.120999999999995091e-02	2.209999999999992526e-02	2.222441722639263872e+00	1.631244469471476499e+00	3.063125138919734258e+00
2.219999999999992812e-02	1.121999999999995050e-02	2.219999999999992812e-02	2.234803337306308535e+00	1.632519932350803060e+00	3.098582039162702806e+00
2.229999999999992405e-02	1.122999999999995009e-02	2.229999999999992405e-02	2.247303236116650726e+00	1.633798274610974932e+00	3.134944153179822113e+00
2.239999999999992691e-02	1.123999999999994968e-02	2.239999999999992691e-02	2.259943752511039516e+00	1.635079506013392692e+00	3.172246594319991786e+00
2.249999999999992284e-02	1.124999999999994928e-02	2.249999999999992284e-02	2.272727272727263159e+00	1.636363636363630025e+00	3.210526315789444141e+00
2.259999999999992570e-02	1.125999999999994887e-02	2.259999999999992570e-02	2.285656237301900262e+00	1.637650675511683529e+00	3.249822232756548690e+00
2.269999999999992163e-02	1.126999999999994846e-02	2.269999999999992163e-02	2.298733142623611059e+00	1.638940633352224729e+00	3.290175354311762668e+00
2.279999999999992449e-02	1.127999999999994805e-02	2.279999999999992449e-02	2.311960542540064445e+00	1.640233519824853659e+00	3.331628926223490161e+00
2.289999999999992042e-02	1.128999999999994765e-02	2.289999999999992042e-02	2.325341050020659495e+00	1.641529344914353317e+00	3.374228585534401859e+00
2.299999999999992328e-02	1.129999999999994724e-02	2.299999999999992328e-02	2.338877338877328960e+00	1.642828118650948133e+00	3.418022528160167273e+00
2.309999999999991921e-02	1.130999999999994683e-02	2.309999999999991921e-02	2.352572145545785975e+00	1.644129851110561980e+00	3.463061690784426716e+00
2.319999999999992207e-02	1.131999999999994642e-02	2.319999999999992207e-02	2.366428270929732847e+00	1.645434552415078411e+00	3.509399948493397314e+00
2.329999999999991800e-02	1.132999999999994602e-02	2.329999999999991800e-02	2.380448582310610739e+00	1.646742232732603339e+00	3.557094329762176432e+00
2.339999999999992086e-02	1.133999999999994561e-02	2.339999999999992086e-02	2.394636015325659617e+00	1.648052902277729936e+00	3.606205250596620449e+00
2.349999999999991679e-02	1.134999999999994520e-02	2.349999999999991679e-02	2.408993576017119054e+00	1.649366571311803309e+00	3.656796769851909268e+00
2.359999999999991965e-02	1.135999999999994479e-02	2.359999999999991965e-02	2.423524342955611033e+00	1.650683250143189174e+00	3.708936867996678988e+00
2.369999999999991558e-02	1.136999999999994439e-02	2.369999999999991558e-02	2.438231469440820032e+00	1.652002949127542530e+00	3.762697751873393059e+00
2.379999999999991844e-02	1.137999999999994398e-02	2.379999999999991844e-02	2.453118185782805494e+00	1.653325678668081000e+00	3.818156188328119871e+00
2.389999999999991437e-02	1.138999999999994357e-02	2.389999999999991437e-02	2.468187801667385273e+00	1.654651449215855941e+00	3.875393869951254011e+00
2.399999999999991723e-02	1.139999999999994316e-02	2.399999999999991723e-02	2.483443708609259115e+00	1.655980271270029558e+00	3.934497816593838238e+00
2.409999999999991316e-02	1.140999999999994276e-02	2.409999999999991316e-02	2.498889382496654932e+00	1.657312155378150687e+00	3.995560816809653915e+00
2.419999999999991602e-02	1.141999999999994235e-02	2.419999999999991602e-02	2.514528386231547508e+00	1.658647112136434565e+00	4.058681913933140706e+00
2.429999999999991195e-02	1.142999999999994194e-02	2.429999999999991195e-02	2.530364372469621870e+00	1.659985152190044388e+00	4.123966942148702408e+00
2.439999999999991481e-02	1.143999999999994154e-02	2.439999999999991481e-02	2.546401086464450181e+00	1.661326286233372418e+00	4.191529118654568009e+00
2.449999999999991074e-02	1.144999999999994113e-02	2.449999999999991074e-02	2.562642369020486921e+00	1.662670525010327083e+00	4.261489698890587263e+00
2.459999999999991360e-02	1.145999999999994072e-02	2.459999999999991360e-02	2.579092159559821074e+00	1.664017879314618309e+00	4.333978702807295136e+00
2.469999999999990953e-02	1.146999999999994031e-02	2.469999999999990953e-02	2.595754499307783902e+00	1.665368359990047509e+00	4.409135721327569257e+00
2.479999999999991239e-02	1.147999999999993991e-02	2.479999999999991239e-02	2.612633534602865293e+00	1.666721977930797571e+00	4.487110813525208464e+00
2.489999999999990832e-02	1.148999999999993950e-02	2.489999999999990832e-02	2.629733520336590580e+00	1.668078744081726406e+00	4.568065506652944308e+00
2.499999999999991118e-02	1.149999999999993909e-02	2.499999999999991118e-02	2.647058823529397031e+00	1.669438669438661371e+00	4.652173913043403886e+00
2.509999999999990711e-02	1.150999999999993868e-02	2.509999999999990711e-02	2.664613927048776088e+00	1.670801765048697263e+00	4.739623980134718195e+00
2.519999999999990997e-02	1.151999999999993828e-02	2.519999999999990997e-02	2.682403433476379107e+00	1.672168042010494293e+00	4.830618892508061535e+00
2.529999999999990590e-02	1.152999999999993787e-02	2.529999999999990590e-02	2.700432069131044166e+00	1.673537511474580519e+00	4.925378647949669286e+00
2.539999999999990876e-02	1.153999999999993746e-02	2.539999999999990876e-02	2.718704688255179747e+00	1.674910184643654265e+00	5.024141833270374669e+00
2.549999999999990469e-02	1.154999999999993705e-02	2.549999999999990469e-02	2.737226277372245775e+00	1.676286072772889879e+00	5.127167630057703818e+00
2.559999999999990755e-02	1.155999999999993665e-02	2.559999999999990755e-02	2.756001959823598746e+00	1.677665187170245265e+00	5.234738085860476176e+00
2.569999999999990348e-02	1.156999999999993624e-02	2.569999999999990348e-02	2.775037000493322026e+00	1.679047539196771854e+00	5.347160692710320795e+00
2.579999999999990634e-02	1.157999999999993583e-02	2.579999999999990634e-02	2.794336810730235321e+00	1.680433140266926584e+00	5.464771322620409322e+00
2.589999999999990227e-02	1.158999999999993542e-02	2.589999999999990227e-02	2.813906953476719597e+00	1.681822001848886083e+00	5.587937579080434425e+00
2.599999999999990513e-02	1.159999999999993502e-02	2.599999999999990513e-02	2.833753148614591044e+00	1.683214135464862871e+00	5.717062634989078518e+00
2.609999999999990106e-02	1.160999999999993461e-02	2.609999999999990106e-02	2.853881278538793254e+00	1.684609552691423762e+00	5.852589641434127188e+00
2.619999999999990392e-02	1.161999999999993420e-02	2.619999999999990392e-02	2.874297393970343784e+00	1.686008265159812058e+00	5.995006808896822470e+00
2.629999999999989985e-02	1.162999999999993379e-02	2.629999999999989985e-02	2.895007720020566389e+00	1.687410284556268847e+00	6.144853283651454667e+00
2.639999999999990271e-02	1.163999999999993339e-02	2.639999999999990271e-02	2.916018662519419991e+00	1.688815622622359403e+00	6.302725968436001303e+00
2.649999999999989864e-02	1.164999999999993298e-02	2.649999999999989864e-02	2.937336814621388736e+00	1.690224291155301817e+00	6.469287469287297476e+00
2.659999999999990150e-02	1.165999999999993257e-02	2.659999999999990150e-02	2.958968963703293209e+00	1.691636302008294956e+00	6.645275391611751736e+00
2.669999999999989743e-02	1.166999999999993216e-02	2.669999999999989743e-02	2.980922098569135592e+00	1.693051667090853307e+00	6.831513260530226894e+00
2.679999999999990029e-02	1.167999999999993176e-02	2.679999999999990029e-02	3.003203416978088125e+00	1.694470398369140263e+00	7.028923406534349994e+00
2.689999999999989622e-02	1.168999999999993135e-02	2.689999999999989622e-02	3.025820333512618365e+00	1.695892507866305632e+00	7.238542241855106418e+00
2.699999999999989908e-02	1.169999999999993094e-02	2.699999999999989908e-02	3.048780487804855444e+00	1.697318007662825590e+00	7.461538461538235190e+00
2.709999999999989501e-02	1.170999999999993053e-02	2.709999999999989501e-02	3.072091753140336223e+00	1.698746909896844848e+00	7.699234844025642843e+00
2.719999999999989787e-02	1.171999999999993013e-02	2.719999999999989787e-02	3.095762245459524831e+00	1.700179226764520379e+00	7.953134510042343841e+00
2.729999999999989380e-02	1.172999999999992972e-02	2.729999999999989380e-02	3.119800332778677188e+00	1.701614970520369585e+00	8.224952741020498337e+00
2.739999999999989666e-02	1.173999999999992931e-02	2.739999999999989666e-02	3.144214645053077462e+00	1.703054153477618460e+00	8.516655780535293374e+00
2.749999999999989259e-02	1.174999999999992890e-02	2.749999999999989259e-02	3.169014084507016271e+00	1.704496788008555086e+00	8.830508474575925248e+00
2.759999999999989545e-02	1.175999999999992850e-02	2.759999999999989545e-02	3.194207836456532945e+00	1.705942886544883130e+00	9.169133192388647657e+00
2.769999999999989138e-02	1.176999999999992809e-02	2.769999999999989138e-02	3.219805380652519755e+00	1.707392461578078446e+00	9.535583272193280280e+00
2.779999999999989424e-02	1.177999999999992768e-02	2.779999999999989424e-02	3.245816503173660106e+00	1.708845525659750564e+00	9.933435348125049913e+00
2.789999999999989017e-02	1.178999999999992727e-02	2.789999999999989017e-02	3.272251308900495204e+00	1.710302091402003510e+00	1.036690647481965222e+01
2.799999999999989303e-02	1.179999999999992687e-02	2.799999999999989303e-02	3.299120234604077329e+00	1.711762171477800631e+00	1.084100418409990141e+01
2.809999999999988896e-02	1.180999999999992646e-02	2.809999999999988896e-02	3.326434062684771931e+00	1.713225778621333628e+00	1.136172080772547588e+01
2.819999999999989182e-02	1.181999999999992605e-02	2.819999999999989182e-02	3.354203935599255004e+00	1.714692925628390485e+00	1.193628808864202284e+01
2.829999999999988775e-02	1.182999999999992564e-02	2.829999999999988775e-02	3.382441371016204457e+00	1.716163625356730504e+00	1.257351509250168853e+01
2.839999999999989061e-02	1.183999999999992524e-02	2.839999999999989061e-02	3.411158277744056555e+00	1.717637890726459116e+00	1.328424304840290660e+01
2.849999999999988654e-02	1.184999999999992483e-02	2.849999999999988654e-02	3.440366972477031826e+00	1.719115734720405131e+00	1.408196721311380273e+01
2.859999999999988940e-02	1.185999999999992442e-02	2.859999999999988940e-02	3.470080197408974332e+00	1.720597170384504215e+00	1.498370197904436552e+01
2.869999999999988533e-02	1.186999999999992401e-02	2.869999999999988533e-02	3.500311138767856267e+00	1.722082210828180360e+00	1.601120797011083141e+01
2.879999999999988819e-02	1.187999999999992361e-02	2.879999999999988819e-02	3.531073446327649634e+00	1.723570869224734237e+00	1.719277108433596624e+01
2.889999999999988411e-02	1.188999999999992320e-02	2.889999999999988411e-02	3.562381253958165850e+00	1.725063158811731778e+00	1.856584659912999058e+01
2.899999999999988698e-02	1.189999999999992279e-02	2.899999999999988698e-02	3.594249201277919692e+00	1.726559092891397196e+00	2.018110236220278964e+01
2.909999999999988290e-02	1.190999999999992238e-02	2.909999999999988290e-02	3.626692456479652993e+00	1.728058684831007774e+00	2.210880829015298943e+01
2.919999999999988577e-02	1.191999999999992198e-02	2.919999999999988577e-02	3.659726740403346223e+00	1.729561948063291776e+00	2.444933078393593107e+01
2.929999999999988169e-02	1.192999999999992157e-02	2.929999999999988169e-02	3.693368351936927141e+00	1.731068896086830566e+00	2.735117773018891540e+01
2.939999999999988456e-02	1.193999999999992116e-02	2.939999999999988456e-02	3.727634194830975023e+00	1.732579542466462064e+00	3.104379562043323304e+01
2.949999999999988048e-02	1.194999999999992076e-02	2.949999999999988048e-02	3.762541806020025970e+00	1.734093900833687307e+00	3.590140845069757347e+01
2.959999999999988335e-02	1.195999999999992035e-02	2.959999999999988335e-02	3.798109385550263006e+00	1.735611984887080572e+00	4.257859531771673289e+01
2.969999999999987927e-02	1.196999999999991994e-02	2.969999999999987927e-02	3.834355828220815887e+00	1.737133808392703704e+00	5.233333333331898984e+01
2.979999999999988214e-02	1.197999999999991953e-02	2.979999999999988214e-02	3.871300757054327413e+00	1.738659385184520456e+00	6.793048128339917469e+01
2.989999999999987806e-02	1.198999999999991913e-02	2.989999999999987806e-02	3.908964558721288896e+00	1.740188729164817261e+00	9.686259541979747212e+01
2.999999999999988093e-02	1.199999999999991872e-02	2.999999999999988093e-02	3.947368421052586562e+00	1.741721854304623562e+00	1.689999999998537135e+02
3.009999999999987685e-02	1.200999999999991831e-02	3.009999999999987685e-02	3.986534372785210945e+00	1.743258774644139475e+00	6.663684210502381120e+02
